unit_tests/utilities/raster.asc
ncols         50
nrows         50
xllcorner     0.0
yllcorner     0.0
cellsize      1.0
NODATA_value  -9999.0
[rows 0 to 34 of 50, columns 0 to 49 of 50]
0.198473 0.209143 0.219956 0.230930 0.242082 0.253428 0.264982 0.276754 0.288746 0.300958 0.313379 0.325990 0.338766 0.351668 0.364653 0.377666 0.390649 0.403534 0.416256 0.428745 0.440937 0.452771 0.464195 0.475169 0.485663 0.495663 0.505169 0.514195 0.522771 0.530937 0.538745 0.546256 0.553534 0.560649 0.567666 0.574653 0.581668 0.588766 0.595990 0.603379 0.610958 0.618746 0.626754 0.634982 0.643428 0.652082 0.660930 0.669956 0.679143 0.688473
0.195143 0.205996 0.217029 0.228267 0.239731 0.251443 0.263419 0.275671 0.288204 0.301016 0.314093 0.327413 0.340941 0.354631 0.368425 0.382256 0.396047 0.409715 0.423175 0.436340 0.449126 0.461457 0.473268 0.484506 0.495134 0.505134 0.514506 0.523268 0.531457 0.539126 0.546340 0.553175 0.559715 0.566047 0.572256 0.578425 0.584631 0.590941 0.597413 0.604093 0.611016 0.618204 0.625671 0.633419 0.641443 0.649731 0.658267 0.667029 0.675996 0.685143
0.191956 0.203029 0.214330 0.225887 0.237730 0.249885 0.262372 0.275206 0.288394 0.301933 0.315806 0.329985 0.344425 0.359069 0.373845 0.388666 0.403437 0.418055 0.432409 0.446392 0.459898 0.472833 0.485112 0.496669 0.507460 0.517460 0.526669 0.535112 0.542833 0.549898 0.556392 0.562409 0.568055 0.573437 0.578666 0.583845 0.589069 0.594425 0.599985 0.605806 0.611933 0.618394 0.625206 0.632372 0.639885 0.647730 0.655887 0.664330 0.673029 0.681956
0.188930 0.200267 0.211887 0.223828 0.236125 0.248809 0.261908 0.275440 0.289413 0.303822 0.318649 0.333855 0.349388 0.365175 0.381126 0.397134 0.413079 0.428833 0.444259 0.459222 0.473591 0.487247 0.500087 0.512028 0.523013 0.533013 0.542028 0.550087 0.557247 0.563591 0.569222 0.574259 0.578833 0.583079 0.587134 0.591126 0.595175 0.599388 0.603855 0.608649 0.613822 0.619413 0.625440 0.631908 0.638809 0.646125 0.653828 0.661887 0.670267 0.678930
0.186082 0.197731 0.209730 0.222125 0.234958 0.248270 0.262093 0.276450 0.291351 0.306791 0.322745 0.339169 0.355995 0.373134 0.390475 0.407887 0.425222 0.442319 0.459013 0.475136 0.490526 0.505037 0.518541 0.530935 0.542151 0.552151 0.560935 0.568541 0.575037 0.580526 0.585136 0.589013 0.592319 0.595222 0.597887 0.600475 0.603134 0.605995 0.609169 0.612745 0.616791 0.621351 0.626450 0.632093 0.638270 0.644958 0.652125 0.659730 0.667731 0.676082
0.183428 0.195443 0.207885 0.220809 0.234270 0.248315 0.262984 0.278306 0.294293 0.310937 0.328209 0.346055 0.364392 0.383112 0.402078 0.421131 0.440090 0.458759 0.476935 0.494413 0.510997 0.526507 0.540786 0.553711 0.565195 0.575195 0.583711 0.590786 0.596507 0.600997 0.604413 0.606935 0.608759 0.610090 0.611131 0.612078 0.613112 0.614392 0.616055 0.618209 0.620937 0.624293 0.628306 0.632984 0.638315 0.644270 0.650809 0.657885 0.665443 0.673428
0.180982 0.193419 0.206372 0.219908 0.234093 0.248984 0.264631 0.281066 0.298305 0.316340 0.335134 0.354621 0.374703 0.395247 0.416090 0.437037 0.457871 0.478354 0.498241 0.517284 0.535246 0.551908 0.567082 0.580619 0.592414 0.602414 0.610619 0.617082 0.621908 0.625246 0.627284 0.628241 0.628354 0.627871 0.627037 0.626090 0.625247 0.624703 0.624621 0.625134 0.626340 0.628305 0.631066 0.634631 0.638984 0.644093 0.649908 0.656372 0.663419 0.670982
0.178754 0.191671 0.205206 0.219440 0.234450 0.250306 0.267066 0.284771 0.303437 0.323056 0.343585 0.364943 0.387013 0.409637 0.432618 0.455724 0.478695 0.501246 0.523082 0.543909 0.563440 0.581416 0.597611 0.611846 0.623995 0.633995 0.641846 0.647611 0.651416 0.653440 0.653909 0.653082 0.651246 0.648695 0.645724 0.642618 0.639637 0.637013 0.634943 0.633585 0.633056 0.633437 0.634771 0.637066 0.640306 0.644450 0.649440 0.655206 0.661671 0.668754
0.176746 0.190204 0.204394 0.219413 0.235351 0.252293 0.270305 0.289437 0.309710 0.331112 0.353591 0.377054 0.401361 0.426324 0.451711 0.477246 0.502619 0.527496 0.551526 0.574358 0.595656 0.615110 0.632453 0.647472 0.660020 0.670020 0.677472 0.682453 0.685110 0.685656 0.684358 0.681526 0.677496 0.672619 0.667246 0.661711 0.656324 0.651361 0.647054 0.643591 0.641112 0.639710 0.639437 0.640305 0.642293 0.645351 0.649413 0.654394 0.660204 0.666746
0.174958 0.189016 0.203933 0.219822 0.236791 0.254937 0.274340 0.295056 0.317112 0.340491 0.365136 0.390935 0.417724 0.445284 0.473340 0.501570 0.529611 0.557069 0.583534 0.608593 0.631851 0.652946 0.671563 0.687453 0.700442 0.710442 0.717453 0.721563 0.722946 0.721851 0.718593 0.713534 0.707069 0.699611 0.691570 0.683340 0.675284 0.667724 0.660935 0.655136 0.650491 0.647112 0.645056 0.644340 0.644937 0.646791 0.649822 0.653933 0.659016 0.664958
0.173379 0.188093 0.203806 0.220649 0.238745 0.258209 0.279134 0.301585 0.325591 0.351136 0.378151 0.406507 0.436013 0.466414 0.497392 0.528573 0.559534 0.589817 0.618946 0.646442 0.671846 0.694736 0.714748 0.731591 0.745064 0.755064 0.761591 0.764748 0.764736 0.761846 0.756442 0.748946 0.739817 0.729534 0.718573 0.707392 0.696414 0.686013 0.676507 0.668151 0.661136 0.655591 0.651585 0.649134 0.648209 0.648745 0.650649 0.653806 0.658093 0.663379
0.171990 0.187413 0.203985 0.221855 0.241169 0.262055 0.284621 0.308943 0.335054 0.362935 0.392507 0.423621 0.456059 0.489526 0.523656 0.558020 0.592130 0.625462 0.657465 0.687591 0.715310 0.740137 0.761652 0.779524 0.793519 0.803519 0.809524 0.811652 0.810137 0.805310 0.797591 0.787465 0.775462 0.762130 0.748020 0.733656 0.719526 0.706059 0.693621 0.682507 0.672935 0.665054 0.658943 0.654621 0.652055 0.651169 0.651855 0.653985 0.657413 0.661990
0.170766 0.186941 0.204425 0.223388 0.243995 0.266392 0.290703 0.317013 0.345361 0.375724 0.408013 0.442059 0.477611 0.514336 0.551817 0.589563 0.627020 0.663591 0.698649 0.731569 0.761747 0.788633 0.811747 0.830712 0.845261 0.855261 0.860712 0.861747 0.858633 0.851747 0.841569 0.828649 0.813591 0.797020 0.779563 0.761817 0.744336 0.727611 0.712059 0.698013 0.685724 0.675361 0.667013 0.660703 0.656392 0.653995 0.653388 0.654425 0.656941 0.660766
0.169668 0.186631 0.205069 0.225175 0.247134 0.271112 0.297247 0.325637 0.356324 0.389284 0.424414 0.461526 0.500336 0.540468 0.581453 0.622736 0.663695 0.703652 0.741905 0.777747 0.810499 0.839537 0.864324 0.884431 0.899561 0.909561 0.914431 0.914324 0.909537 0.900499 0.887747 0.871905 0.853652 0.833695 0.812736 0.791453 0.770468 0.750336 0.731526 0.714414 0.699284 0.686324 0.675637 0.667247 0.661112 0.657134 0.655175 0.655069 0.656631 0.659668
0.168653 0.186425 0.205845 0.227126 0.250475 0.276078 0.304090 0.334618 0.367711 0.403340 0.441392 0.481656 0.523817 0.567453 0.612040 0.656961 0.701519 0.744961 0.786499 0.825345 0.860742 0.891994 0.918500 0.939783 0.955509 0.965509 0.969783 0.968500 0.961994 0.950742 0.935345 0.916499 0.894961 0.871519 0.846961 0.822040 0.797453 0.773817 0.751656 0.731392 0.713340 0.697711 0.684618 0.674090 0.666078 0.660475 0.657126 0.655845 0.656425 0.658653
0.167666 0.186256 0.206666 0.229134 0.253887 0.281131 0.311037 0.343724 0.379246 0.417570 0.458573 0.502020 0.547563 0.594736 0.642961 0.691555 0.739747 0.786706 0.831561 0.873441 0.911509 0.944996 0.973238 0.995707 1.012036 1.022036 1.025707 1.023238 1.014996 1.001509 0.983441 0.961561 0.936706 0.909747 0.881555 0.852961 0.824736 0.797563 0.772020 0.748573 0.727570 0.709246 0.693724 0.681037 0.671131 0.663887 0.659134 0.656666 0.656256 0.657666
0.166649 0.186047 0.207437 0.231079 0.257222 0.286090 0.317871 0.352695 0.390619 0.431611 0.475534 0.522130 0.571020 0.621695 0.673519 0.725747 0.777537 0.827976 0.876113 0.920996 0.961707 0.997406 1.027366 1.051010 1.067934 1.077934 1.081010 1.077366 1.067406 1.051707 1.030996 1.006113 0.977976 0.947537 0.915747 0.883519 0.851695 0.821020 0.792130 0.765534 0.741611 0.720619 0.702695 0.687871 0.676090 0.667222 0.661079 0.657437 0.656047 0.656649
0.165534 0.185715 0.208055 0.232833 0.260319 0.290759 0.324354 0.361246 0.401496 0.445069 0.491817 0.541462 0.593591 0.647652 0.702961 0.758706 0.813976 0.867783 0.919097 0.966885 1.010154 1.047993 1.079616 1.104395 1.121897 1.131897 1.134395 1.129616 1.117993 1.100154 1.076885 1.049097 1.017783 0.983976 0.948706 0.912961 0.877652 0.843591 0.811462 0.781817 0.755069 0.731496 0.711246 0.694354 0.680759 0.670319 0.662833 0.658055 0.655715 0.655534
0.164256 0.185175 0.208409 0.234259 0.263013 0.294935 0.330241 0.369082 0.411526 0.457534 0.506946 0.559465 0.614649 0.671905 0.730499 0.789561 0.848113 0.905097 0.959406 1.009934 1.055616 1.095473 1.128664 1.154515 1.172560 1.182560 1.184515 1.178664 1.165473 1.145616 1.119934 1.089406 1.055097 1.018113 0.979561 0.940499 0.901905 0.864649 0.829465 0.796946 0.767534 0.741526 0.719082 0.700241 0.684935 0.673013 0.664259 0.658409 0.655175 0.654256
0.162745 0.184340 0.208392 0.235222 0.265136 0.298413 0.335284 0.375909 0.420358 0.468593 0.520442 0.575591 0.633569 0.693747 0.755345 0.817441 0.878996 0.938885 0.995934 1.048968 1.096856 1.138560 1.173185 1.200016 1.218559 1.228559 1.230016 1.223185 1.208560 1.186856 1.158968 1.125934 1.088885 1.048996 1.007441 0.965345 0.923747 0.883569 0.845591 0.810442 0.778593 0.750358 0.725909 0.705284 0.688413 0.675136 0.665222 0.658392 0.654340 0.652745
0.160937 0.183126 0.207898 0.235591 0.266526 0.300997 0.339246 0.381440 0.427656 0.477851 0.531846 0.589310 0.649747 0.712499 0.776742 0.841509 0.905707 0.968154 1.027616 1.082856 1.132686 1.176016 1.211903 1.239597 1.258578 1.268578 1.269597 1.261903 1.246016 1.222686 1.192856 1.157616 1.118154 1.075707 1.031509 0.986742 0.942499 0.899747 0.859310 0.821846 0.787851 0.757656 0.731440 0.709246 0.690997 0.676526 0.665591 0.657898 0.653126 0.650937
0.158771 0.181457 0.206833 0.235247 0.267037 0.302507 0.341908 0.385416 0.433110 0.484946 0.540736 0.600137 0.662633 0.727537 0.793994 0.860996 0.927406 0.991993 1.053473 1.110560 1.162016 1.206706 1.243649 1.272066 1.291413 1.301413 1.302066 1.293649 1.276706 1.252016 1.220560 1.183473 1.141993 1.097406 1.050996 1.003994 0.957537 0.912633 0.870137 0.830736 0.794946 0.763110 0.735416 0.711908 0.692507 0.677037 0.665247 0.656833 0.651457 0.648771
0.156195 0.179268 0.205112 0.234087 0.266541 0.302786 0.343082 0.387611 0.436453 0.489563 0.546748 0.607652 0.671747 0.738324 0.806500 0.875238 0.943366 1.009616 1.072664 1.131185 1.183903 1.229649 1.267413 1.296390 1.316022 1.326022 1.326390 1.317413 1.299649 1.273903 1.241185 1.202664 1.159616 1.113366 1.065238 1.016500 0.968324 0.921747 0.877652 0.836748 0.799563 0.766453 0.737611 0.713082 0.692786 0.676541 0.664087 0.655112 0.649268 0.646195
0.153169 0.176506 0.202669 0.232028 0.264935 0.301711 0.342619 0.387846 0.437472 0.491453 0.549591 0.611524 0.676712 0.744431 0.813783 0.883707 0.953010 1.020395 1.084515 1.144016 1.197597 1.244066 1.282390 1.311751 1.331578 1.341578 1.341751 1.332390 1.314066 1.287597 1.254016 1.214515 1.170395 1.123010 1.073707 1.023783 0.974431 0.926712 0.881524 0.839591 0.801453 0.767472 0.737846 0.712619 0.691711 0.674935 0.662028 0.652669 0.646506 0.643169
0.149663 0.173134 0.199460 0.229013 0.262151 0.299195 0.340414 0.385995 0.436020 0.490442 0.549064 0.611519 0.677261 0.745561 0.815509 0.886036 0.955934 1.023897 1.088560 1.148559 1.202578 1.249413 1.288022 1.317578 1.337503 1.347503 1.347578 1.338022 1.319413 1.292578 1.258559 1.218560 1.173897 1.125934 1.076036 1.025509 0.975561 0.927261 0.881519 0.839064 0.800442 0.766020 0.735995 0.710414 0.689195 0.672151 0.659013 0.649460 0.643134 0.639663
0.145663 0.169134 0.195460 0.225013 0.258151 0.295195 0.336414 0.381995 0.432020 0.486442 0.545064 0.607519 0.673261 0.741561 0.811509 0.882036 0.951934 1.019897 1.084560 1.144559 1.198578 1.245413 1.284022 1.313578 1.333503 1.343503 1.343578 1.334022 1.315413 1.288578 1.254559 1.214560 1.169897 1.121934 1.072036 1.021509 0.971561 0.923261 0.877519 0.835064 0.796442 0.762020 0.731995 0.706414 0.685195 0.668151 0.655013 0.645460 0.639134 0.635663
0.141169 0.164506 0.190669 0.220028 0.252935 0.289711 0.330619 0.375846 0.425472 0.479453 0.537591 0.599524 0.664712 0.732431 0.801783 0.871707 0.941010 1.008395 1.072515 1.132016 1.185597 1.232066 1.270390 1.299751 1.319578 1.329578 1.329751 1.320390 1.302066 1.275597 1.242016 1.202515 1.158395 1.111010 1.061707 1.011783 0.962431 0.914712 0.869524 0.827591 0.789453 0.755472 0.725846 0.700619 0.679711 0.662935 0.650028 0.640669 0.634506 0.631169
0.136195 0.159268 0.185112 0.214087 0.246541 0.282786 0.323082 0.367611 0.416453 0.469563 0.526748 0.587652 0.651747 0.718324 0.786500 0.855238 0.923366 0.989616 1.052664 1.111185 1.163903 1.209649 1.247413 1.276390 1.296022 1.306022 1.306390 1.297413 1.279649 1.253903 1.221185 1.182664 1.139616 1.093366 1.045238 0.996500 0.948324 0.901747 0.857652 0.816748 0.779563 0.746453 0.717611 0.693082 0.672786 0.656541 0.644087 0.635112 0.629268 0.626195
0.130771 0.153457 0.178833 0.207247 0.239037 0.274507 0.313908 0.357416 0.405110 0.456946 0.512736 0.572137 0.634633 0.699537 0.765994 0.832996 0.899406 0.963993 1.025473 1.082560 1.134016 1.178706 1.215649 1.244066 1.263413 1.273413 1.274066 1.265649 1.248706 1.224016 1.192560 1.155473 1.113993 1.069406 1.022996 0.975994 0.929537 0.884633 0.842137 0.802736 0.766946 0.735110 0.707416 0.683908 0.664507 0.649037 0.637247 0.628833 0.623457 0.620771
0.124937 0.147126 0.171898 0.199591 0.230526 0.264997 0.303246 0.345440 0.391656 0.441851 0.495846 0.553310 0.613747 0.676499 0.740742 0.805509 0.869707 0.932154 0.991616 1.046856 1.096686 1.140016 1.175903 1.203597 1.222578 1.232578 1.233597 1.225903 1.210016 1.186686 1.156856 1.121616 1.082154 1.039707 0.995509 0.950742 0.906499 0.863747 0.823310 0.785846 0.751851 0.721656 0.695440 0.673246 0.654997 0.640526 0.629591 0.621898 0.617126 0.614937
0.118745 0.140340 0.164392 0.191222 0.221136 0.254413 0.291284 0.331909 0.376358 0.424593 0.476442 0.531591 0.589569 0.649747 0.711345 0.773441 0.834996 0.894885 0.951934 1.004968 1.052856 1.094560 1.129185 1.156016 1.174559 1.184559 1.186016 1.179185 1.164560 1.142856 1.114968 1.081934 1.044885 1.004996 0.963441 0.921345 0.879747 0.839569 0.801591 0.766442 0.734593 0.706358 0.681909 0.661284 0.644413 0.631136 0.621222 0.614392 0.610340 0.608745
0.112256 0.133175 0.156409 0.182259 0.211013 0.242935 0.278241 0.317082 0.359526 0.405534 0.454946 0.507465 0.562649 0.619905 0.678499 0.737561 0.796113 0.853097 0.907406 0.957934 1.003616 1.043473 1.076664 1.102515 1.120560 1.130560 1.132515 1.126664 1.113473 1.093616 1.067934 1.037406 1.003097 0.966113 0.927561 0.888499 0.849905 0.812649 0.777465 0.744946 0.715534 0.689526 0.667082 0.648241 0.632935 0.621013 0.612259 0.606409 0.603175 0.602256
0.105534 0.125715 0.148055 0.172833 0.200319 0.230759 0.264354 0.301246 0.341496 0.385069 0.431817 0.481462 0.533591 0.587652 0.642961 0.698706 0.753976 0.807783 0.859097 0.906885 0.950154 0.987993 1.019616 1.044395 1.061897 1.071897 1.074395 1.069616 1.057993 1.040154 1.016885 0.989097 0.957783 0.923976 0.888706 0.852961 0.817652 0.783591 0.751462 0.721817 0.695069 0.671496 0.651246 0.634354 0.620759 0.610319 0.602833 0.598055 0.595715 0.595534
0.098649 0.118047 0.139437 0.163079 0.189222 0.218090 0.249871 0.284695 0.322619 0.363611 0.407534 0.454130 0.503020 0.553695 0.605519 0.657747 0.709537 0.759976 0.808113 0.852996 0.893707 0.929406 0.959366 0.983010 0.999934 1.009934 1.013010 1.009366 0.999406 0.983707 0.962996 0.938113 0.909976 0.879537 0.847747 0.815519 0.783695 0.753020 0.724130 0.697534 0.673611 0.652619 0.634695 0.619871 0.608090 0.599222 0.593079 0.589437 0.588047 0.588649
0.091666 0.110256 0.130666 0.153134 0.177887 0.205131 0.235037 0.267724 0.303246 0.341570 0.382573 0.426020 0.471563 0.518736 0.566961 0.615555 0.663747 0.710706 0.755561 0.797441 0.835509 0.868996 0.897238 0.919707 0.936036 0.946036 0.949707 0.947238 0.938996 0.925509 0.907441 0.885561 0.860706 0.833747 0.805555 0.776961 0.748736 0.721563 0.696020 0.672573 0.651570 0.633246 0.617724 0.605037 0.595131 0.587887 0.583134 0.580666 0.580256 0.581666
