unit_tests/utilities/raster.asc
ncols         50
nrows         60
xllcorner     0.0
yllcorner     0.0
cellsize      1.0
NODATA_value  -9999.0
[rows 0 to 34 of 60, columns 0 to 49 of 50]
0.196796 0.206831 0.216874 0.226925 0.236985 0.247055 0.257137 0.267230 0.277334 0.287450 0.297576 0.307713 0.317858 0.328010 0.338166 0.348324 0.358480 0.368631 0.378774 0.388904 0.399019 0.409115 0.419189 0.429240 0.439266 0.449266 0.459240 0.469189 0.479115 0.489019 0.498904 0.508774 0.518631 0.528480 0.538324 0.548166 0.558010 0.567858 0.577713 0.587576 0.597450 0.607334 0.617230 0.627137 0.637055 0.646985 0.656925 0.666874 0.676831 0.686796
0.193515 0.203564 0.213624 0.223696 0.233781 0.243880 0.253994 0.264124 0.274271 0.284433 0.294611 0.304803 0.315007 0.325221 0.335440 0.345662 0.355881 0.366093 0.376294 0.386477 0.396638 0.406773 0.416877 0.426949 0.436985 0.446985 0.456949 0.466877 0.476773 0.486638 0.496477 0.506294 0.516093 0.525881 0.535662 0.545440 0.555221 0.565007 0.574803 0.584611 0.594433 0.604271 0.614124 0.623994 0.633880 0.643781 0.653696 0.663624 0.673564 0.683515
0.190253 0.200322 0.210405 0.220504 0.230622 0.240760 0.250919 0.261100 0.271304 0.281530 0.291778 0.302045 0.312329 0.322625 0.332931 0.343239 0.353544 0.363839 0.374118 0.384372 0.394596 0.404784 0.414930 0.425029 0.435080 0.445080 0.455029 0.464930 0.474784 0.484596 0.494372 0.504118 0.513839 0.523544 0.533239 0.542931 0.552625 0.562329 0.572045 0.581778 0.591530 0.601304 0.611100 0.620919 0.630760 0.640622 0.650504 0.660405 0.670322 0.680253
0.187015 0.197109 0.207224 0.217361 0.227523 0.237713 0.247932 0.258181 0.268462 0.278774 0.289115 0.299482 0.309873 0.320282 0.330703 0.341127 0.351547 0.361954 0.372337 0.382688 0.392996 0.403255 0.413455 0.423592 0.433662 0.443662 0.453592 0.463455 0.473255 0.482996 0.492688 0.502337 0.511954 0.521547 0.531127 0.540703 0.550282 0.559873 0.569482 0.579115 0.588774 0.598462 0.608181 0.617932 0.627713 0.637523 0.647361 0.657224 0.667109 0.677015
0.183808 0.193937 0.204093 0.214280 0.224501 0.234760 0.245058 0.255399 0.265781 0.276206 0.286671 0.297172 0.307705 0.318263 0.328836 0.339415 0.349988 0.360542 0.371064 0.381543 0.391963 0.402316 0.412589 0.422776 0.432871 0.442871 0.452776 0.462589 0.472316 0.481963 0.491543 0.501064 0.510542 0.519988 0.529415 0.538836 0.548263 0.557705 0.567172 0.576671 0.586206 0.595781 0.605399 0.615058 0.624760 0.634501 0.644280 0.654093 0.663937 0.673808
0.180641 0.190815 0.201026 0.211278 0.221577 0.231926 0.242329 0.252788 0.263304 0.273878 0.284505 0.295182 0.305902 0.316654 0.327428 0.338209 0.348982 0.359730 0.370436 0.381081 0.391649 0.402125 0.412494 0.422746 0.432875 0.442875 0.452746 0.462494 0.472125 0.481649 0.491081 0.500436 0.509730 0.518982 0.528209 0.537428 0.546654 0.555902 0.565182 0.574505 0.583878 0.593304 0.602788 0.612329 0.621926 0.631577 0.641278 0.651026 0.660815 0.670641
0.177523 0.187756 0.198037 0.208375 0.218774 0.229240 0.239779 0.250392 0.261083 0.271849 0.282688 0.293592 0.304554 0.315560 0.326594 0.337638 0.348671 0.359671 0.370614 0.381476 0.392235 0.402871 0.413364 0.423701 0.433873 0.443873 0.453701 0.463364 0.472871 0.482235 0.491476 0.500614 0.509671 0.518671 0.527638 0.536594 0.545560 0.554554 0.563592 0.572688 0.581849 0.591083 0.600392 0.609779 0.619240 0.628774 0.638375 0.648037 0.657756 0.667523
0.174467 0.184774 0.195147 0.205593 0.216121 0.226738 0.237451 0.248263 0.259176 0.270190 0.281300 0.292497 0.303769 0.315100 0.326468 0.337849 0.349216 0.360539 0.371787 0.382928 0.393933 0.404773 0.415426 0.425873 0.436099 0.446099 0.455873 0.465426 0.474773 0.483933 0.492928 0.501787 0.510539 0.519216 0.527849 0.536468 0.545100 0.553769 0.562497 0.571300 0.580190 0.589176 0.598263 0.607451 0.616738 0.626121 0.635593 0.645147 0.654774 0.664467
0.171485 0.181888 0.192376 0.202960 0.213652 0.224460 0.235394 0.246458 0.257654 0.268982 0.280436 0.292004 0.303671 0.315414 0.327206 0.339016 0.350806 0.362539 0.374173 0.385668 0.396984 0.408086 0.418941 0.429526 0.439822 0.449822 0.459526 0.468941 0.478086 0.486984 0.495668 0.504173 0.512539 0.520806 0.529016 0.537206 0.545414 0.553671 0.562004 0.570436 0.578982 0.587654 0.596458 0.605394 0.614460 0.623652 0.632960 0.642376 0.651888 0.661485
0.168592 0.179115 0.189748 0.200506 0.211403 0.222452 0.233662 0.245042 0.256594 0.268316 0.280201 0.292235 0.304397 0.316657 0.328982 0.341328 0.353651 0.365898 0.378018 0.389957 0.401663 0.413092 0.424201 0.434959 0.445344 0.455344 0.464959 0.474201 0.483092 0.491663 0.499957 0.508018 0.515898 0.523651 0.531328 0.538982 0.546657 0.554397 0.562235 0.570201 0.578316 0.586594 0.595042 0.603662 0.612452 0.621403 0.630506 0.639748 0.649115 0.658592
0.165806 0.176477 0.187289 0.198263 0.209415 0.220761 0.232316 0.244087 0.256080 0.268291 0.280712 0.293324 0.306099 0.319002 0.331986 0.345000 0.357982 0.370868 0.383589 0.396078 0.408270 0.420104 0.431528 0.442502 0.452996 0.462996 0.472502 0.481528 0.490104 0.498270 0.506078 0.513589 0.520868 0.527982 0.535000 0.541986 0.549002 0.556099 0.563324 0.570712 0.578291 0.586080 0.594087 0.602316 0.610761 0.619415 0.628263 0.637289 0.646477 0.655806
0.163143 0.173996 0.185029 0.196267 0.207731 0.219443 0.231419 0.243671 0.256204 0.269016 0.282093 0.295413 0.308941 0.322631 0.336425 0.350256 0.364047 0.377715 0.391175 0.404340 0.417126 0.429457 0.441268 0.452506 0.463134 0.473134 0.482506 0.491268 0.499457 0.507126 0.514340 0.521175 0.527715 0.534047 0.540256 0.546425 0.552631 0.558941 0.565413 0.572093 0.579016 0.586204 0.593671 0.601419 0.609443 0.617731 0.626267 0.635029 0.643996 0.653143
0.160623 0.171696 0.182996 0.194554 0.206397 0.218551 0.231038 0.243873 0.257061 0.270600 0.284473 0.298651 0.313092 0.327736 0.342511 0.357333 0.372104 0.386721 0.401076 0.415059 0.428565 0.441499 0.453778 0.465336 0.476127 0.486127 0.495336 0.503778 0.511499 0.518565 0.525059 0.531076 0.536721 0.542104 0.547333 0.552511 0.557736 0.563092 0.568651 0.574473 0.580600 0.587061 0.593873 0.601038 0.608551 0.616397 0.624554 0.632996 0.641696 0.650623
0.158263 0.169600 0.181221 0.193162 0.205458 0.218143 0.231241 0.244773 0.258746 0.273156 0.287982 0.303189 0.318722 0.334509 0.350459 0.366467 0.382413 0.398166 0.413592 0.428555 0.442924 0.456581 0.469420 0.481362 0.492347 0.502347 0.511362 0.519420 0.526581 0.532924 0.538555 0.543592 0.548166 0.552413 0.556467 0.560459 0.564509 0.568722 0.573189 0.577982 0.583156 0.588746 0.594773 0.601241 0.608143 0.615458 0.623162 0.631221 0.639600 0.648263
0.156082 0.167731 0.179730 0.192125 0.204958 0.218270 0.232093 0.246450 0.261351 0.276791 0.292745 0.309169 0.325995 0.343134 0.360475 0.377887 0.395222 0.412319 0.429013 0.445136 0.460526 0.475037 0.488541 0.500935 0.512151 0.522151 0.530935 0.538541 0.545037 0.550526 0.555136 0.559013 0.562319 0.565222 0.567887 0.570475 0.573134 0.575995 0.579169 0.582745 0.586791 0.591351 0.596450 0.602093 0.608270 0.614958 0.622125 0.629730 0.637731 0.646082
0.154095 0.166109 0.178551 0.191476 0.204937 0.218982 0.233651 0.248973 0.264959 0.281603 0.298876 0.316721 0.335059 0.353778 0.372745 0.391798 0.410757 0.429426 0.447602 0.465080 0.481664 0.497173 0.511452 0.524377 0.535862 0.545862 0.554377 0.561452 0.567173 0.571664 0.575080 0.577602 0.579426 0.580757 0.581798 0.582745 0.583778 0.585059 0.586721 0.588876 0.591603 0.594959 0.598973 0.603651 0.608982 0.614937 0.621476 0.628551 0.636109 0.644095
0.152316 0.164752 0.177705 0.191241 0.205426 0.220318 0.235964 0.252399 0.269639 0.287673 0.306467 0.325954 0.346036 0.366581 0.387423 0.408371 0.429204 0.449687 0.469574 0.488617 0.506579 0.523241 0.538415 0.551952 0.563748 0.573748 0.581952 0.588415 0.593241 0.596579 0.598617 0.599574 0.599687 0.599204 0.598371 0.597423 0.596581 0.596036 0.595954 0.596467 0.597673 0.599639 0.602399 0.605964 0.610318 0.615426 0.621241 0.627705 0.634752 0.642316
0.150754 0.163671 0.177206 0.191440 0.206450 0.222306 0.239066 0.256771 0.275437 0.295056 0.315585 0.336943 0.359013 0.381637 0.404618 0.427724 0.450695 0.473246 0.495082 0.515909 0.535440 0.553416 0.569611 0.583846 0.595995 0.605995 0.613846 0.619611 0.623416 0.625440 0.625909 0.625082 0.623246 0.620695 0.617724 0.614618 0.611637 0.609013 0.606943 0.605585 0.605056 0.605437 0.606771 0.609066 0.612306 0.616450 0.621440 0.627206 0.633671 0.640754
0.149413 0.162871 0.177061 0.192080 0.208018 0.224959 0.242972 0.262104 0.282377 0.303778 0.326258 0.349721 0.374028 0.398991 0.424377 0.449912 0.475286 0.500162 0.524192 0.547025 0.568323 0.587777 0.605120 0.620139 0.632687 0.642687 0.650139 0.655120 0.657777 0.658323 0.657025 0.654192 0.650162 0.645286 0.639912 0.634377 0.628991 0.624028 0.619721 0.616258 0.613778 0.612377 0.612104 0.612972 0.614959 0.618018 0.622080 0.627061 0.632871 0.639413
0.148291 0.162349 0.177266 0.193156 0.210124 0.228270 0.247673 0.268390 0.290445 0.313825 0.338469 0.364269 0.391058 0.418617 0.446673 0.474904 0.502945 0.530403 0.556867 0.581926 0.605185 0.626279 0.644896 0.660786 0.673776 0.683776 0.690786 0.694896 0.696279 0.695185 0.691926 0.686867 0.680403 0.672945 0.664904 0.656673 0.648617 0.641058 0.634269 0.628469 0.623825 0.620445 0.618390 0.617673 0.618270 0.620124 0.623156 0.627266 0.632349 0.638291
0.147379 0.162093 0.177806 0.194649 0.212745 0.232209 0.253134 0.275585 0.299591 0.325136 0.352151 0.380507 0.410013 0.440414 0.471392 0.502573 0.533534 0.563817 0.592946 0.620442 0.645846 0.668736 0.688748 0.705591 0.719064 0.729064 0.735591 0.738748 0.738736 0.735846 0.730442 0.722946 0.713817 0.703534 0.692573 0.681392 0.670414 0.660013 0.650507 0.642151 0.635136 0.629591 0.625585 0.623134 0.622209 0.622745 0.624649 0.627806 0.632093 0.637379
0.146657 0.162080 0.178651 0.196522 0.215835 0.236721 0.259288 0.283610 0.309721 0.337602 0.367173 0.398288 0.430725 0.464192 0.498323 0.532687 0.566797 0.600128 0.632132 0.662257 0.689976 0.714803 0.736319 0.754191 0.768186 0.778186 0.784191 0.786319 0.784803 0.779976 0.772257 0.762132 0.750128 0.736797 0.722687 0.708323 0.694192 0.680725 0.668288 0.657173 0.647602 0.639721 0.633610 0.629288 0.626721 0.625835 0.626522 0.628651 0.632080 0.636657
0.146099 0.162274 0.179758 0.198722 0.219328 0.241725 0.266036 0.292347 0.320694 0.351058 0.383346 0.417392 0.452945 0.489670 0.527150 0.564896 0.602354 0.638924 0.673982 0.706902 0.737081 0.763966 0.787081 0.806045 0.820595 0.830595 0.836045 0.837081 0.833966 0.827081 0.816902 0.803982 0.788924 0.772354 0.754896 0.737150 0.719670 0.702945 0.687392 0.673346 0.661058 0.650694 0.642347 0.636036 0.631725 0.629328 0.628722 0.629758 0.632274 0.636099
0.145668 0.162631 0.181069 0.201175 0.223134 0.247112 0.273247 0.301637 0.332324 0.365284 0.400414 0.437526 0.476336 0.516468 0.557453 0.598736 0.639695 0.679652 0.717905 0.753747 0.786499 0.815537 0.840324 0.860431 0.875561 0.885561 0.890431 0.890324 0.885537 0.876499 0.863747 0.847905 0.829652 0.809695 0.788736 0.767453 0.746468 0.726336 0.707526 0.690414 0.675284 0.662324 0.651637 0.643247 0.637112 0.633134 0.631175 0.631069 0.632631 0.635668
0.145320 0.163092 0.182511 0.203792 0.227141 0.252745 0.280757 0.311285 0.344377 0.380007 0.418059 0.458323 0.500484 0.544119 0.588707 0.633628 0.678186 0.721627 0.763165 0.802012 0.837409 0.868661 0.895167 0.916449 0.932176 0.942176 0.946449 0.945167 0.938661 0.927409 0.912012 0.893165 0.871627 0.848186 0.823628 0.798707 0.774119 0.750484 0.728323 0.708059 0.690007 0.674377 0.661285 0.650757 0.642745 0.637141 0.633792 0.632511 0.633092 0.635320
0.145000 0.163589 0.183999 0.206467 0.231220 0.258464 0.288371 0.321058 0.356579 0.394904 0.435906 0.479353 0.524896 0.572069 0.620294 0.668888 0.717081 0.764039 0.808894 0.850775 0.888843 0.922330 0.950572 0.973041 0.989369 0.999369 1.003041 1.000572 0.992330 0.978843 0.960775 0.938894 0.914039 0.887081 0.858888 0.830294 0.802069 0.774896 0.749353 0.725906 0.704904 0.686579 0.671058 0.658371 0.648464 0.641220 0.636467 0.633999 0.633589 0.635000
0.144649 0.164047 0.185437 0.209079 0.235222 0.264090 0.295871 0.330695 0.368619 0.409611 0.453534 0.500130 0.549020 0.599695 0.651519 0.703747 0.755537 0.805976 0.854113 0.898996 0.939707 0.975406 1.005366 1.029010 1.045934 1.055934 1.059010 1.055366 1.045406 1.029707 1.008996 0.984113 0.955976 0.925537 0.893747 0.861519 0.829695 0.799020 0.770130 0.743534 0.719611 0.698619 0.680695 0.665871 0.654090 0.645222 0.639079 0.635437 0.634047 0.634649
0.144201 0.164382 0.186721 0.211499 0.238986 0.269426 0.303021 0.339912 0.380162 0.423736 0.470484 0.520128 0.572257 0.626319 0.681627 0.737372 0.792643 0.846449 0.897763 0.945552 0.988821 1.026660 1.058282 1.083062 1.100563 1.110563 1.113062 1.108282 1.096660 1.078821 1.055552 1.027763 0.996449 0.962643 0.927372 0.891627 0.856319 0.822257 0.790128 0.760484 0.733736 0.710162 0.689912 0.673021 0.659426 0.648986 0.641499 0.636721 0.634382 0.634201
0.143589 0.164509 0.187742 0.213592 0.242347 0.274269 0.309574 0.348415 0.390859 0.436867 0.486279 0.538798 0.593982 0.651239 0.709832 0.768894 0.827447 0.884430 0.938740 0.989268 1.034949 1.074807 1.107997 1.133848 1.151894 1.161894 1.163848 1.157997 1.144807 1.124949 1.099268 1.068740 1.034430 0.997447 0.958894 0.919832 0.881239 0.843982 0.808798 0.776279 0.746867 0.720859 0.698415 0.679574 0.664269 0.652347 0.643592 0.637742 0.634509 0.633589
0.142745 0.164340 0.188392 0.215222 0.245136 0.278413 0.315284 0.355909 0.400358 0.448593 0.500442 0.555591 0.613569 0.673747 0.735345 0.797441 0.858996 0.918885 0.975934 1.028968 1.076856 1.118560 1.153185 1.180016 1.198559 1.208559 1.210016 1.203185 1.188560 1.166856 1.138968 1.105934 1.068885 1.028996 0.987441 0.945345 0.903747 0.863569 0.825591 0.790442 0.758593 0.730358 0.705909 0.685284 0.668413 0.655136 0.645222 0.638392 0.634340 0.632745
0.141603 0.163792 0.188565 0.216258 0.247193 0.281664 0.319912 0.362107 0.408323 0.458518 0.512513 0.569976 0.630414 0.693165 0.757409 0.822176 0.886374 0.948821 1.008282 1.063523 1.113353 1.156683 1.192570 1.220264 1.239245 1.249245 1.250264 1.242570 1.226683 1.203353 1.173523 1.138282 1.098821 1.056374 1.012176 0.967409 0.923165 0.880414 0.839976 0.802513 0.768518 0.738323 0.712107 0.689912 0.671664 0.657193 0.646258 0.638565 0.633792 0.631603
0.140104 0.162790 0.188166 0.216581 0.248371 0.283840 0.323241 0.366750 0.414444 0.466279 0.522069 0.581470 0.643966 0.708870 0.775328 0.842330 0.908740 0.973326 1.034807 1.091894 1.143349 1.188039 1.224983 1.253399 1.272746 1.282746 1.283399 1.274983 1.258039 1.233349 1.201894 1.164807 1.123326 1.078740 1.032330 0.985328 0.938870 0.893966 0.851470 0.812069 0.776279 0.744444 0.716750 0.693241 0.673840 0.658371 0.646581 0.638166 0.632790 0.630104
0.138195 0.161268 0.187112 0.216087 0.248541 0.284786 0.325082 0.369611 0.418453 0.471563 0.528748 0.589652 0.653747 0.720324 0.788500 0.857238 0.925366 0.991616 1.054664 1.113185 1.165903 1.211649 1.249413 1.278390 1.298022 1.308022 1.308390 1.299413 1.281649 1.255903 1.223185 1.184664 1.141616 1.095366 1.047238 0.998500 0.950324 0.903747 0.859652 0.818748 0.781563 0.748453 0.719611 0.695082 0.674786 0.658541 0.646087 0.637112 0.631268 0.628195
0.135835 0.159172 0.185336 0.214695 0.247602 0.284377 0.325286 0.370512 0.420139 0.474119 0.532257 0.594191 0.659378 0.727098 0.796449 0.866374 0.935676 1.003062 1.067182 1.126683 1.180264 1.226732 1.265057 1.294418 1.314244 1.324244 1.324418 1.315057 1.296732 1.270264 1.236683 1.197182 1.153062 1.105676 1.056374 1.006449 0.957098 0.909378 0.864191 0.822257 0.784119 0.750139 0.720512 0.695286 0.674377 0.657602 0.644695 0.635336 0.629172 0.625835
0.132996 0.156467 0.182793 0.212347 0.245484 0.282528 0.323748 0.369328 0.419353 0.473776 0.532397 0.594853 0.660595 0.728894 0.798843 0.869369 0.939268 1.007230 1.071894 1.131892 1.185911 1.232746 1.271356 1.300911 1.320836 1.330836 1.330911 1.321356 1.302746 1.275911 1.241892 1.201894 1.157230 1.109268 1.059369 1.008843 0.958894 0.910595 0.864853 0.822397 0.783776 0.749353 0.719328 0.693748 0.672528 0.655484 0.642347 0.632793 0.626467 0.622996
