ic_u = 0.7071067812
ic_v = -0.7071067812
ic_w = 0.0
