ic_x_w(1)   = 0.0
ic_x_e(1)   = 1.0
ic_y_s(1)   = 0.0
ic_y_n(1)   = 1.0
ic_z_b(1)   = 0.0
ic_z_t(1)   = 0.25
ic_u(1)     = 0.7071067812
ic_v(1)     = 0.7071067812
ic_w(1)     = 0.0
