ic_x_w  = 0.0
ic_x_e  = 1.0
ic_y_s  = 0.0
ic_y_n  = 1.0
ic_z_b  = 0.0
ic_z_t  = 0.25

ic_u    = 0.7071067812
ic_v    = 0.7071067812
ic_w    = 0.0
